procs -----------memory---------- ---swap-- -----io---- -system-- ------cpu-----
 r  b   swpd   free   buff  cache   si   so    bi    bo   in   cs us sy id wa st
 1  0      0 10414996  31040 1377728    0    0   121    45 1096  570 22  8 70  0  0
 1  0      0 10392752  31040 1378356    0    0   128     0 2320 3322  2  2 96  0  0
 0  0      0 9385732  31040 1378356    0    0     0     0 2997 2962  1  4 94  0  0
 0  0      0 8361796  31040 1378384    0    0    92     0 2534 2447  2  4 94  0  0
 0  0      0 7333764  31040 1378384    0    0     0     0 1048 1937  2  4 95  0  0
 0  0      0 6309324  31328 1379452    0    0  1308   148 1190 2260  1  3 95  0  0
 1  0      0 6196968  31724 1381876    0    0  2820     0 1082 2209  1  2 97  0  0
 0  0      0 5275432  32380 1382672    0    0  1428   104 1042 2104  2  3 95  0  0
 0  0      0 4247148  32380 1382764    0    0   220     0  987 1770  2  3 95  0  0
 1  0      0 3221284  32396 1382884    0    0     0    68 1161 2145  2  6 92  0  0
 1  0      0 3202636  32396 1382884    0    0     0     0  841 1679  1  1 98  0  0
 0  0      0 2195140  32424 1382948    0    0    36   164 1236 2582  3  7 90  0  0
 1  0      0 1758172  32424 1382948    0    0     0     0 1031 1830  2  4 94  0  0
 0  0      0 1169248  32432 1383524    0    0   184     0 1010 2466  2  4 94  0  0
 1  0      0 197076  32440 1383516    0    0     0    56 1057 1658  2  7 91  0  0
 1  0      0 10472088  30740 1342520    0    0     0     0 1169 2160  1  5 93  0  0


I decided to allocate 1gb of memory on each iteration instead of 10mb, to make effect more visible.
As we can see, free mem decreases for 1gb each second.
On last line, free mem is back to initial, as program ended execution.

si & so fields are zeros all the time, that's because I don't have swap partition/file.
